{
 "cells": [
  {
   "cell_type": "markdown",
   "metadata": {},
   "source": [
    "A Quantum Covariance Matrix (QCM) is a quantum geenralization of a classical covariance matrix where statistical expectation values of random variables under a probability distribution are replaced by quantum expectation values of Hermitian operators under a wave function. (Clark, 2018)\n",
    "\n",
    "$$ (C_T)_{a,b} := \\langle \\hat{h}_a \\hat{h}_b \\rangle - \\langle \\hat{h}_a \\rangle \\langle \\hat{h}_b \\rangle $$\n",
    "\n",
    "Using Matrix Product State (MPS) representation of wavefunctions, we can easily use TeNPy to reproduce some certain QCM with local Hamiltonians of interests.\n",
    "In TeNPy, there are many intuitive implementations of local Hamiltonians called 'terms', which are super helpful for this task."
   ]
  },
  {
   "cell_type": "markdown",
   "metadata": {},
   "source": [
    "## Override the Python mutliplication"
   ]
  },
  {
   "cell_type": "code",
   "execution_count": null,
   "metadata": {},
   "outputs": [],
   "source": [
    "def mul(self, other):\n",
    "    terms = []\n",
    "    strength = []\n",
    "    for termlist1 in self:\n",
    "        for termlist2 in other:\n",
    "            termlist = termlist1[0] + termlist2[0]\n",
    "            terms.append(termlist)\n",
    "            strength.append(termlist1[1] * termlist2[1])\n",
    "    return TermList(terms, strength)\n",
    "TermList.__mul__ = mul"
   ]
  },
  {
   "cell_type": "markdown",
   "metadata": {},
   "source": [
    "## A class for QCM"
   ]
  },
  {
   "cell_type": "code",
   "execution_count": 26,
   "metadata": {},
   "outputs": [],
   "source": [
    "class QCM:\n",
    "    def __init__(self, psi, h_list):\n",
    "        self.psi = psi.copy() # MPS\n",
    "        self.h_list = h_list # the basis vector h_a, a list of TermList\n",
    "        \n",
    "        self.calc_average_ha() # the average, i.e. expectation value of each basis\n",
    "        self.calc_average_hahb() # the cross terms\n",
    "        self.calc_QCM()\n",
    "        \n",
    "    def calc_average_ha(self):\n",
    "        \"\"\"\n",
    "            Calculate the expectation values of each basis Hamiltonian,\n",
    "            by seeing each as a sum of local operators and then directly calculating\n",
    "            the expectation value\n",
    "        \"\"\"\n",
    "        self.average_ha = [self.psi.expectation_value_terms_sum(h)[0] for h in self.h_list]\n",
    "    def calc_average_hahb(self):\n",
    "        \"\"\"\n",
    "            The cross values...\n",
    "        \"\"\"\n",
    "        n = len(self.h_list)\n",
    "        self.ab_matrix = np.zeros((n, n), dtype='complex64')\n",
    "        for i in range(n):\n",
    "            for j in range(n):\n",
    "                self.ab_matrix[i, j] = self.psi.expectation_value_terms_sum(self.h_list[i] * self.h_list[j])[0]\n",
    "    def calc_QCM(self):\n",
    "        n = len(self.h_list)\n",
    "        mat = self.ab_matrix.copy()\n",
    "        for i in range(n):\n",
    "            for j in range(n):\n",
    "                mat[i, j] -= self.average_ha[i]*self.average_ha[j]\n",
    "        self.qcm = mat"
   ]
  },
  {
   "cell_type": "markdown",
   "metadata": {},
   "source": [
    "# Tests on the class `TermList`"
   ]
  },
  {
   "cell_type": "code",
   "execution_count": 17,
   "metadata": {},
   "outputs": [],
   "source": [
    "import tenpy\n",
    "from tenpy.networks.terms import TermList\n",
    "\n",
    "import numpy as np"
   ]
  },
  {
   "cell_type": "code",
   "execution_count": 12,
   "metadata": {},
   "outputs": [],
   "source": [
    "tl = TermList([[('Cd', 0), ('C', 2)], [('Cd', 2), ('C', 0)], [('N', 1)]],\n",
    "...              [0.5,                   0.5,                   1.3])"
   ]
  },
  {
   "cell_type": "code",
   "execution_count": 13,
   "metadata": {},
   "outputs": [
    {
     "name": "stdout",
     "output_type": "stream",
     "text": [
      "([('Cd', 0), ('C', 2)], 0.5)\n",
      "([('Cd', 2), ('C', 0)], 0.5)\n",
      "([('N', 1)], 1.3)\n"
     ]
    }
   ],
   "source": [
    "for t in tl:\n",
    "    print(t)"
   ]
  },
  {
   "cell_type": "markdown",
   "metadata": {},
   "source": [
    "Just as TeNPy's documentation has indicated, the class `TermList` defines a list of 'terms', each of which are composed of the local operator tensored together along with their prefactors."
   ]
  },
  {
   "cell_type": "code",
   "execution_count": 14,
   "metadata": {},
   "outputs": [],
   "source": [
    "tl.__len__ = print"
   ]
  },
  {
   "cell_type": "code",
   "execution_count": 15,
   "metadata": {},
   "outputs": [],
   "source": [
    "def mul(self, other):\n",
    "    terms = []\n",
    "    strength = []\n",
    "    for termlist1 in self:\n",
    "        for termlist2 in other:\n",
    "            termlist = termlist1[0] + termlist2[0]\n",
    "            terms.append(termlist)\n",
    "            strength.append(termlist1[1] * termlist2[1])\n",
    "    return TermList(terms, strength)\n",
    "TermList.__mul__ = mul"
   ]
  },
  {
   "cell_type": "code",
   "execution_count": 27,
   "metadata": {},
   "outputs": [
    {
     "name": "stdout",
     "output_type": "stream",
     "text": [
      "0.25000 * Cd_0 C_2 Cd_0 C_2 +\n",
      "0.25000 * Cd_0 C_2 Cd_2 C_0 +\n",
      "0.65000 * Cd_0 C_2 N_1 +\n",
      "0.25000 * Cd_2 C_0 Cd_0 C_2 +\n",
      "0.25000 * Cd_2 C_0 Cd_2 C_0 +\n",
      "0.65000 * Cd_2 C_0 N_1 +\n",
      "0.65000 * N_1 Cd_0 C_2 +\n",
      "0.65000 * N_1 Cd_2 C_0 +\n",
      "1.69000 * N_1 N_1\n"
     ]
    }
   ],
   "source": [
    "print(tl * tl)"
   ]
  },
  {
   "cell_type": "code",
   "execution_count": null,
   "metadata": {},
   "outputs": [],
   "source": []
  },
  {
   "cell_type": "markdown",
   "metadata": {},
   "source": [
    "# A benchmark with Rouchen's computation"
   ]
  },
  {
   "cell_type": "markdown",
   "metadata": {},
   "source": [
    "This result should be equivalent to the result of https://github.com/ruochenma/Chiral-Spin-Liquid/blob/qcm/invert.py"
   ]
  },
  {
   "cell_type": "code",
   "execution_count": 6,
   "metadata": {},
   "outputs": [],
   "source": [
    "Lx,Ly=2,4\n",
    "L=2*Lx*Ly\n",
    "\n",
    "Sp = 'Sp'\n",
    "Sm = 'Sm'\n",
    "Sz = 'Sz'\n",
    "\n",
    "# 16 possible local couplings. NN and nNN hoping, SxSx+SySy vs. SzSz, two sublattices\n",
    "op_list=[[Sp, Sm, 1, 0], [Sm, Sp, 1, 0], [Sp, Sm, 1, 1], [Sm, Sp, 1, 1],\\\n",
    "         [Sz, Sz, 1, 0], [Sz, Sz, 1, 0], [Sz, Sz, 1, 1], [Sz, Sz, 1, 1],\\\n",
    "         [Sp, Sm, 2, 0], [Sm, Sp, 2, 0], [Sp, Sm, 2, 1], [Sm, Sp, 2, 1],\\\n",
    "         [Sz, Sz, 2, 0], [Sz, Sz, 2, 0], [Sz, Sz, 2, 1], [Sz, Sz, 2, 1],\\\n",
    "         [Sp, Sm, 2*Ly-1, 0], [Sm, Sp, 2*Ly-1, 0], [Sp, Sm, 2*Ly-1, 1], [Sm, Sp, 2*Ly-1, 1],\\\n",
    "         [Sz, Sz, 2*Ly-1, 0], [Sz, Sz, 2*Ly-1, 0], [Sz, Sz, 2*Ly-1, 1], [Sz, Sz, 2*Ly-1, 1],\\\n",
    "         [Sp, Sm, 3, 0], [Sm, Sp, 3, 0], [Sp, Sm, 3, 1], [Sm, Sp, 3, 1],\\\n",
    "         [Sz, Sz, 3, 0], [Sz, Sz, 3, 0], [Sz, Sz, 3, 1], [Sz, Sz, 3, 1]]"
   ]
  },
  {
   "cell_type": "markdown",
   "metadata": {},
   "source": [
    "Issue: we need to know the explicit expression of variables `Sp`, `Sm` and `Sz`."
   ]
  },
  {
   "cell_type": "code",
   "execution_count": 43,
   "metadata": {},
   "outputs": [],
   "source": [
    "h_list = []\n",
    "\n",
    "for i in range(L):\n",
    "    tl = []\n",
    "    if op_list[2*i][3]==0:\n",
    "        for m in range(L):\n",
    "            if m%2==0:\n",
    "                if m%(2*Ly) +op_list[2*i][2] < 2*Ly:\n",
    "#                     exp+=psi.expectation_value_term([(op_list[2*i][0] , m),(op_list[2*i][1], m+op_list[2*i][2])])\\\n",
    "#                         +psi.expectation_value_term([(op_list[2*i+1][0] , m),(op_list[2*i+1][1], m+op_list[2*i+1][2]  )])\n",
    "                    tl += [\n",
    "                        [(op_list[2*i][0] , m),(op_list[2*i][1], m+op_list[2*i][2])], \n",
    "                        [(op_list[2*i+1][0] , m),(op_list[2*i+1][1], m+op_list[2*i+1][2]  )]\n",
    "                    ]\n",
    "                else:\n",
    "#                     exp+=psi.expectation_value_term([(op_list[2*i][0] , m),(op_list[2*i][1], m+op_list[2*i][2]-2*Ly)])\\\n",
    "#                         +psi.expectation_value_term([(op_list[2*i+1][0] , m),(op_list[2*i+1][1], m+op_list[2*i+1][2]-2*Ly  )])\n",
    "                    tl += [\n",
    "                        [(op_list[2*i][0] , m),(op_list[2*i][1], m+op_list[2*i][2]-2*Ly)],\n",
    "                        [(op_list[2*i+1][0] , m),(op_list[2*i+1][1], m+op_list[2*i+1][2]-2*Ly  )]\n",
    "                    ]\n",
    "                    \n",
    "    else:\n",
    "        if op_list[2*i][2]%2==0:\n",
    "            for m in range(L):\n",
    "                if m%2 !=0:\n",
    "                    if m%(2*Ly) +op_list[2*i][2] < 2*Ly:\n",
    "\n",
    "#                         exp+=psi.expectation_value_term([(op_list[2*i][0] , m),(op_list[2*i][1], m+op_list[2*i][2])])\\\n",
    "#                             +psi.expectation_value_term([(op_list[2*i+1][0] , m),(op_list[2*i+1][1], m+op_list[2*i+1][2]  )])\n",
    "                        tl += [\n",
    "                            [(op_list[2*i][0] , m),(op_list[2*i][1], m+op_list[2*i][2])],\n",
    "                            [(op_list[2*i+1][0] , m),(op_list[2*i+1][1], m+op_list[2*i+1][2]  )]\n",
    "                        ]\n",
    "                    else:\n",
    "#                         exp+=psi.expectation_value_term([(op_list[2*i][0] , m),(op_list[2*i][1], m+op_list[2*i][2]-2*Ly)])\\\n",
    "#                             +psi.expectation_value_term([(op_list[2*i+1][0] , m),(op_list[2*i+1][1], m+op_list[2*i+1][2]-2*Ly  )])\n",
    "                        tl += [\n",
    "                            [(op_list[2*i][0] , m),(op_list[2*i][1], m+op_list[2*i][2]-2*Ly)],\n",
    "                            [(op_list[2*i+1][0] , m),(op_list[2*i+1][1], m+op_list[2*i+1][2]-2*Ly  )],\n",
    "                        ]\n",
    "                    \n",
    "        else: \n",
    "            for m in range(L):\n",
    "                if m%2 !=0:\n",
    "\n",
    "                    if m%(2*Ly) +op_list[2*i][2] + 2*Ly-2 < 4*Ly:\n",
    "                        tl += [\n",
    "                            [(op_list[2*i][0] , m),(op_list[2*i][1], m+op_list[2*i][2]+2*Ly-2)],\n",
    "                            [(op_list[2*i+1][0] , m),(op_list[2*i+1][1], m+op_list[2*i+1][2]+2*Ly-2  )],\n",
    "                        ]\n",
    "#                         exp+=psi.expectation_value_term([(op_list[2*i][0] , m),(op_list[2*i][1], m+op_list[2*i][2]+2*Ly-2)])\\\n",
    "#                             +psi.expectation_value_term([(op_list[2*i+1][0] , m),(op_list[2*i+1][1], m+op_list[2*i+1][2]+2*Ly-2  )])\n",
    "                    else:\n",
    "#                         exp+=psi.expectation_value_term([(op_list[2*i][0] , m),(op_list[2*i][1], m+op_list[2*i][2]-2  )])\\\n",
    "#                             +psi.expectation_value_term([(op_list[2*i+1][0] , m),(op_list[2*i+1][1], m+op_list[2*i+1][2]-2  )])\n",
    "                        tl += [\n",
    "                            [(op_list[2*i][0] , m),(op_list[2*i][1], m+op_list[2*i][2]-2  )],\n",
    "                            [(op_list[2*i+1][0] , m),(op_list[2*i+1][1], m+op_list[2*i+1][2]-2  )],\n",
    "                        ]\n",
    "    h_list.append(TermList(terms=tl))"
   ]
  },
  {
   "cell_type": "code",
   "execution_count": 37,
   "metadata": {},
   "outputs": [
    {
     "data": {
      "text/plain": [
       "[<tenpy.networks.terms.TermList at 0x7f195eb55c90>,\n",
       " <tenpy.networks.terms.TermList at 0x7f195eb55490>,\n",
       " <tenpy.networks.terms.TermList at 0x7f195eb55f90>,\n",
       " <tenpy.networks.terms.TermList at 0x7f195eb55990>,\n",
       " <tenpy.networks.terms.TermList at 0x7f195eb553d0>,\n",
       " <tenpy.networks.terms.TermList at 0x7f195eb551d0>,\n",
       " <tenpy.networks.terms.TermList at 0x7f195eb55350>,\n",
       " <tenpy.networks.terms.TermList at 0x7f195eb55d90>,\n",
       " <tenpy.networks.terms.TermList at 0x7f195eb55ed0>,\n",
       " <tenpy.networks.terms.TermList at 0x7f195eb55b50>,\n",
       " <tenpy.networks.terms.TermList at 0x7f195eb55890>,\n",
       " <tenpy.networks.terms.TermList at 0x7f195eb55ad0>,\n",
       " <tenpy.networks.terms.TermList at 0x7f195eb55c10>,\n",
       " <tenpy.networks.terms.TermList at 0x7f195eb55f10>,\n",
       " <tenpy.networks.terms.TermList at 0x7f195e7be550>,\n",
       " <tenpy.networks.terms.TermList at 0x7f195ddaae90>]"
      ]
     },
     "execution_count": 37,
     "metadata": {},
     "output_type": "execute_result"
    }
   ],
   "source": [
    "h_list"
   ]
  },
  {
   "cell_type": "markdown",
   "metadata": {},
   "source": [
    "# Get the iMPS"
   ]
  },
  {
   "cell_type": "code",
   "execution_count": 38,
   "metadata": {
    "scrolled": true
   },
   "outputs": [
    {
     "name": "stdout",
     "output_type": "stream",
     "text": [
      "Reading 'Lx'=2 for config FermionicChiral\n",
      "Reading 'Ly'=4 for config FermionicChiral\n",
      "Reading 'cons_N'='N' for config FermionicChiral\n",
      "Reading 'cons_Sz'='Sz' for config FermionicChiral\n",
      "Reading 'bc'='periodic' for config FermionicChiral\n",
      "Reading 'bc_MPS'='infinite' for config FermionicChiral\n",
      "Reading 't'=1 for config FermionicChiral\n",
      "Reading 'td'=0.5j for config FermionicChiral\n",
      "Subconfig 'trunc_params'=Config(<3 options>, 'trunc_params') for config TwoSiteDMRGEngine\n",
      "Reading 'chi_list'={0: 100, 10: 1000} for config TwoSiteDMRGEngine\n",
      "Setting chi_max = 100\n",
      "Initial sweeps...\n",
      "Updating environment\n",
      ".\n",
      "Reading 'N_sweeps_check'=2 for config TwoSiteDMRGEngine\n",
      "Reading 'max_sweeps'=100 for config TwoSiteDMRGEngine\n",
      "Reading 'max_E_err'=1e-08 for config TwoSiteDMRGEngine\n",
      "Reading 'max_S_err'=1e-07 for config TwoSiteDMRGEngine\n",
      "Reading 'mixer'=True for config TwoSiteDMRGEngine\n",
      "Updating environment\n",
      ".\n",
      "================================================================================\n",
      "sweep 2, age = 144\n",
      "Energy = -2.1638429980719343, S = nan, norm_err = 7.8e-04\n",
      "Current memory usage 175.1 MB, time elapsed: 38.2 s\n",
      "Delta E = nan, Delta S = 0.0000e+00 (per sweep)\n",
      "max_trunc_err = 1.8109e-02, max_E_trunc = 8.5869e-02\n",
      "MPS bond dimensions: [100, 100, 100, 100, 100, 100, 100, 100, 100, 100, 100, 100, 100, 100, 100, 100]\n",
      "Updating environment\n",
      ".\n",
      "================================================================================\n",
      "sweep 4, age = 240\n",
      "Energy = -2.1645954164822427, S = nan, norm_err = 1.1e-04\n",
      "Current memory usage 175.1 MB, time elapsed: 59.1 s\n",
      "Delta E = -3.7621e-04, Delta S = 0.0000e+00 (per sweep)\n",
      "max_trunc_err = 1.8253e-02, max_E_trunc = 8.7288e-02\n",
      "MPS bond dimensions: [100, 100, 100, 100, 100, 100, 100, 100, 100, 100, 100, 100, 100, 100, 100, 100]\n",
      "Updating environment\n",
      ".\n",
      "================================================================================\n",
      "sweep 6, age = 336\n",
      "Energy = -2.1645942139718777, S = nan, norm_err = 1.0e-04\n",
      "Current memory usage 175.4 MB, time elapsed: 80.5 s\n",
      "Delta E = 6.0126e-07, Delta S = 0.0000e+00 (per sweep)\n",
      "max_trunc_err = 1.8254e-02, max_E_trunc = 8.7305e-02\n",
      "MPS bond dimensions: [100, 100, 100, 100, 100, 100, 100, 100, 100, 100, 100, 100, 100, 100, 100, 100]\n",
      "Updating environment\n",
      ".\n",
      "================================================================================\n",
      "sweep 8, age = 432\n",
      "Energy = -2.1645937370068147, S = nan, norm_err = 1.0e-04\n",
      "Current memory usage 175.4 MB, time elapsed: 101.4 s\n",
      "Delta E = 2.3848e-07, Delta S = 0.0000e+00 (per sweep)\n",
      "max_trunc_err = 1.8254e-02, max_E_trunc = 8.7306e-02\n",
      "MPS bond dimensions: [100, 100, 100, 100, 100, 100, 100, 100, 100, 100, 100, 100, 100, 100, 100, 100]\n",
      "Setting chi_max = 1000\n",
      "Updating environment\n",
      ".\n",
      "================================================================================\n",
      "sweep 10, age = 528\n",
      "Energy = -2.1645936754574819, S = nan, norm_err = 1.0e-04\n",
      "Current memory usage 2055.0 MB, time elapsed: 143.7 s\n",
      "Delta E = 3.0775e-08, Delta S = 0.0000e+00 (per sweep)\n",
      "max_trunc_err = 1.8254e-02, max_E_trunc = 8.7306e-02\n",
      "MPS bond dimensions: [1000, 1000, 100, 100, 100, 100, 100, 100, 100, 100, 100, 100, 100, 100, 100, 101]\n",
      "Updating environment\n",
      ".\n",
      "================================================================================\n",
      "sweep 12, age = 624\n",
      "Energy = -2.2158891667189096, S = nan, norm_err = 7.0e-06\n",
      "Current memory usage 2056.8 MB, time elapsed: 354.1 s\n",
      "Delta E = -2.5648e-02, Delta S = 0.0000e+00 (per sweep)\n",
      "max_trunc_err = 9.7301e-05, max_E_trunc = 6.2999e-04\n",
      "MPS bond dimensions: [1000, 1000, 1000, 1000, 1000, 1000, 1000, 1000, 932, 977, 1000, 1000, 1000, 1000, 1000, 1000]\n",
      "Updating environment\n",
      ".\n",
      "================================================================================\n",
      "sweep 14, age = 720\n",
      "Energy = -2.2158885627901626, S = nan, norm_err = 3.1e-06\n",
      "Current memory usage 2056.8 MB, time elapsed: 552.0 s\n",
      "Delta E = 3.0196e-07, Delta S = 0.0000e+00 (per sweep)\n",
      "max_trunc_err = 1.0134e-04, max_E_trunc = 6.5702e-04\n",
      "MPS bond dimensions: [1000, 1000, 1000, 1000, 1000, 1000, 1000, 1000, 993, 996, 1000, 1000, 1000, 1000, 1000, 1000]\n",
      "Convergence criterium reached with enabled mixer.\n",
      "disable mixer and continue\n",
      "Updating environment\n",
      ".\n",
      "================================================================================\n",
      "sweep 16, age = 816\n",
      "Energy = -2.2158884741233962, S = 3.0744395996125649, norm_err = 5.4e-06\n",
      "Current memory usage 2056.9 MB, time elapsed: 674.2 s\n",
      "Delta E = 4.4333e-08, Delta S = nan (per sweep)\n",
      "max_trunc_err = 5.1027e-05, max_E_trunc = 6.6592e-04\n",
      "MPS bond dimensions: [1000, 1000, 1000, 1000, 1000, 1000, 1000, 1000, 1000, 1000, 1000, 1000, 1000, 1000, 1000, 1000]\n",
      "Updating environment\n",
      ".\n",
      "================================================================================\n",
      "sweep 18, age = 912\n",
      "Energy = -2.2158884624711987, S = 3.0744105015251666, norm_err = 5.1e-06\n",
      "Current memory usage 2056.9 MB, time elapsed: 798.1 s\n",
      "Delta E = 5.8261e-09, Delta S = -1.4549e-05 (per sweep)\n",
      "max_trunc_err = 5.1051e-05, max_E_trunc = 6.6666e-04\n",
      "MPS bond dimensions: [1000, 1000, 1000, 1000, 1000, 1000, 1000, 1000, 1000, 1000, 1000, 1000, 1000, 1000, 1000, 1000]\n",
      "Updating environment\n",
      ".\n",
      "================================================================================\n",
      "sweep 20, age = 1008\n",
      "Energy = -2.2158884563696546, S = 3.0744104892279758, norm_err = 5.0e-06\n",
      "Current memory usage 2056.9 MB, time elapsed: 925.2 s\n",
      "Delta E = 3.0508e-09, Delta S = -6.1486e-09 (per sweep)\n",
      "max_trunc_err = 5.1050e-05, max_E_trunc = 6.6664e-04\n",
      "MPS bond dimensions: [1000, 1000, 1000, 1000, 1000, 1000, 1000, 1000, 1000, 1000, 1000, 1000, 1000, 1000, 1000, 1000]\n",
      "================================================================================\n",
      "DMRG finished after 20 sweeps.\n",
      "total size = 1008, maximum chi = 1000\n",
      "================================================================================\n"
     ]
    }
   ],
   "source": [
    "from tenpy.algorithms.dmrg import TwoSiteDMRGEngine\n",
    "import numpy as np\n",
    "from tenpy.models.lattice import Lattice\n",
    "import tenpy.linalg.np_conserved as npc\n",
    "from tenpy.networks.site import SpinHalfFermionSite\n",
    "from tenpy.networks.mps import MPS\n",
    "from tenpy.algorithms.truncation import svd_theta\n",
    "from tenpy.linalg.np_conserved import Array\n",
    "from tenpy.models.model import CouplingModel\n",
    "from tenpy.models.model import CouplingMPOModel \n",
    "\n",
    "dmrg_params = {\n",
    "    'mixer': True,\n",
    "    'trunc_params': {'chi_max': 1000,\n",
    "                     'svd_min': 1.e-8},\n",
    "    'max_E_err': 1.e-8,\n",
    "    'max_S_err': 1.e-7,\n",
    "    'N_sweeps_check': 2,\n",
    "    'max_sweeps': 100,\n",
    "    'verbose': 1,\n",
    "    'chi_list': {0: 100, 10: 1000},\n",
    "}\n",
    "\n",
    "model_params = {\n",
    "    'Lx': 2, 'Ly': 4, 'bc':'periodic',# Ly is set below\n",
    "    'bc_MPS': 'infinite',\n",
    "    'verbose': 1,\n",
    "    'cons_N': 'N',\n",
    "    'cons_Sz': 'Sz',\n",
    "    't': 1,\n",
    "    'td': 0.5j,\n",
    "}\n",
    "\n",
    "\n",
    "\n",
    "class twosites(Lattice):\n",
    "    def __init__(self, Lx, Ly, site, **kwargs):\n",
    "        NN = [(0, 1, np.array([0, 0])), (1, 0, np.array([1, 0])), (0, 0, np.array([0, 1]))]\n",
    "        NNa = [(1, 1, np.array([0, 1]))]\n",
    "        nNN = [(0, 1, np.array([0, 1])), (1, 0, np.array([0, 1])),(1, 0, np.array([1, -1])), (0, 1, np.array([-1, -1]))]\n",
    "        kwargs.setdefault('pairs', {})\n",
    "        kwargs['pairs'].setdefault('nearest_neighbors', NN)\n",
    "        kwargs['pairs'].setdefault('next_nearest_neighbors', NNa)\n",
    "        kwargs['pairs'].setdefault('next_next_nearest_neighbors', nNN)\n",
    "        Lattice.__init__(self, [Lx, Ly], site, **kwargs)\n",
    "\n",
    "\n",
    "\n",
    "\n",
    "class FermionicChiral(CouplingMPOModel):\n",
    "\n",
    "    #default_lattice = doublesites\n",
    "    #force_default_lattice = True\n",
    "\n",
    "    def init_sites(self, model_params):\n",
    "        cons_N = model_params.get('cons_N', 'N')\n",
    "        cons_Sz = model_params.get('cons_Sz', 'Sz')\n",
    "        site = SpinHalfFermionSite(cons_N=cons_N, cons_Sz=cons_Sz)\n",
    "        return site\n",
    "\n",
    "\n",
    "    def init_lattice(self, model_params):\n",
    "        Lx = model_params.get('Lx',1)\n",
    "        Ly = model_params.get('Ly',8)\n",
    "        fs = self.init_sites(model_params)\n",
    "        bc = model_params.get('bc','periodic')\n",
    "        bc_MPS = model_params.get('bc_MPS','infinite')\n",
    "       \n",
    "\n",
    "        lat = twosites(Lx, Ly, [fs,fs],bc=bc, bc_MPS=bc_MPS)\n",
    "        return lat\n",
    "\n",
    "    def init_terms(self, model_params):\n",
    "        \n",
    "        t = model_params.get('t', 1.)\n",
    "        td = model_params.get('td', 0.5j)\n",
    "       \n",
    "\n",
    "        for u1, u2, dx in self.lat.pairs['nearest_neighbors']:\n",
    "            self.add_coupling(t , u1, 'Cdu', u2, 'Cu', dx, plus_hc=True)\n",
    "            self.add_coupling(t , u1, 'Cdd', u2, 'Cd', dx, plus_hc=True)\n",
    "            \n",
    "        for u1, u2, dx in self.lat.pairs['next_nearest_neighbors']:\n",
    "            self.add_coupling(-t, u1, 'Cdu', u2, 'Cu', dx, plus_hc=True)\n",
    "            self.add_coupling(-t, u1, 'Cdd', u2, 'Cd', dx, plus_hc=True)\n",
    "            \n",
    "        for u1, u2, dx in self.lat.pairs['next_next_nearest_neighbors']:\n",
    "            self.add_coupling(td, u1, 'Cdu', u2, 'Cu', dx, plus_hc=True)\n",
    "            self.add_coupling(td, u1, 'Cdd', u2, 'Cd', dx, plus_hc=True)\n",
    "\n",
    "      \n",
    "            \n",
    "            \n",
    "            \n",
    "CSLnoGPO=FermionicChiral(model_params)\n",
    "\n",
    "psi = MPS.from_lat_product_state(CSLnoGPO.lat, [[[\"up\",\"down\"]]],bc=CSLnoGPO.lat.bc_MPS)\n",
    "\n",
    "            \n",
    "\n",
    "            \n",
    "            \n",
    "eng = TwoSiteDMRGEngine(psi, CSLnoGPO, dmrg_params)\n",
    "\n",
    "\n",
    "\n",
    "E, psi = eng.run()"
   ]
  },
  {
   "cell_type": "code",
   "execution_count": 3,
   "metadata": {},
   "outputs": [],
   "source": [
    "from tenpy.tools.hdf5_io import save, load"
   ]
  },
  {
   "cell_type": "code",
   "execution_count": 2,
   "metadata": {},
   "outputs": [
    {
     "data": {
      "text/plain": [
       "'0.8.4'"
      ]
     },
     "execution_count": 2,
     "metadata": {},
     "output_type": "execute_result"
    }
   ],
   "source": [
    "import tenpy\n",
    "tenpy.version.full_version"
   ]
  },
  {
   "cell_type": "code",
   "execution_count": 5,
   "metadata": {},
   "outputs": [],
   "source": [
    "psi = load('test.h5')"
   ]
  },
  {
   "cell_type": "code",
   "execution_count": null,
   "metadata": {},
   "outputs": [],
   "source": []
  },
  {
   "cell_type": "code",
   "execution_count": 19,
   "metadata": {},
   "outputs": [
    {
     "name": "stdout",
     "output_type": "stream",
     "text": [
      "h =  1.00000 * Sp_14 Sm_15 +\n",
      "1.00000 * Sm_14 Sp_15\n",
      "(-0.09715058069713155, <tenpy.networks.mpo.MPO object at 0x7fef1222be10>)\n",
      "h =  1.00000 * Sp_15 Sm_22 +\n",
      "1.00000 * Sm_15 Sp_22\n",
      "(-0.09694814590507353, <tenpy.networks.mpo.MPO object at 0x7fef122337d0>)\n",
      "h =  1.00000 * Sz_14 Sz_15 +\n",
      "1.00000 * Sz_14 Sz_15\n",
      "(-0.04857527752701241, <tenpy.networks.mpo.MPO object at 0x7fef1222b910>)\n",
      "h =  1.00000 * Sz_15 Sz_22 +\n",
      "1.00000 * Sz_15 Sz_22\n",
      "(-0.048474096359016575, <tenpy.networks.mpo.MPO object at 0x7fef1222b7d0>)\n",
      "h =  1.00000 * Sm_8 Sp_14 +\n",
      "1.00000 * Sp_8 Sm_14\n",
      "(-0.08719159999355833, <tenpy.networks.mpo.MPO object at 0x7fef1222bf50>)\n",
      "h =  1.00000 * Sm_9 Sp_15 +\n",
      "1.00000 * Sp_9 Sm_15\n",
      "(-0.08719282850421937, <tenpy.networks.mpo.MPO object at 0x7fef1222b990>)\n",
      "h =  1.00000 * Sz_8 Sz_14 +\n",
      "1.00000 * Sz_8 Sz_14\n",
      "(-0.043596025644630526, <tenpy.networks.mpo.MPO object at 0x7fef1222bd50>)\n",
      "h =  1.00000 * Sz_9 Sz_15 +\n",
      "1.00000 * Sz_9 Sz_15\n",
      "(-0.04359647587786235, <tenpy.networks.mpo.MPO object at 0x7fef1222b610>)\n",
      "h =  1.00000 * Sm_13 Sp_14 +\n",
      "1.00000 * Sp_13 Sm_14\n",
      "(-0.03126120515883701, <tenpy.networks.mpo.MPO object at 0x7fef1222b110>)\n",
      "h =  1.00000 * Sp_15 Sm_20 +\n",
      "1.00000 * Sm_15 Sp_20\n",
      "(-0.031348391399645986, <tenpy.networks.mpo.MPO object at 0x7fef1222b9d0>)\n",
      "h =  1.00000 * Sz_13 Sz_14 +\n",
      "1.00000 * Sz_13 Sz_14\n",
      "(-0.015630579832743036, <tenpy.networks.mpo.MPO object at 0x7fef1222a810>)\n",
      "h =  1.00000 * Sz_15 Sz_20 +\n",
      "1.00000 * Sz_15 Sz_20\n",
      "(-0.015674173735405812, <tenpy.networks.mpo.MPO object at 0x7fef12233c90>)\n",
      "h =  1.00000 * Sm_9 Sp_14 +\n",
      "1.00000 * Sp_9 Sm_14\n",
      "(-0.031268091912345586, <tenpy.networks.mpo.MPO object at 0x7fef1222b450>)\n",
      "h =  1.00000 * Sp_15 Sm_16 +\n",
      "1.00000 * Sm_15 Sp_16\n"
     ]
    },
    {
     "name": "stderr",
     "output_type": "stream",
     "text": [
      "/home/jerry/anaconda3/lib/python3.7/site-packages/tenpy/networks/mps.py:2139: UserWarning: Tolerance 1.00e-10 not reached within 1 sites\n",
      "  terms_sum = mpo_.expectation_value(self, max_range=ct.max_range())\n"
     ]
    },
    {
     "name": "stdout",
     "output_type": "stream",
     "text": [
      "(0.0, <tenpy.networks.mpo.MPO object at 0x7fef1222abd0>)\n",
      "h =  1.00000 * Sz_9 Sz_14 +\n",
      "1.00000 * Sz_9 Sz_14\n",
      "(-0.015634026907654332, <tenpy.networks.mpo.MPO object at 0x7fef1222bb50>)\n",
      "h =  1.00000 * Sz_15 Sz_16 +\n",
      "1.00000 * Sz_15 Sz_16\n",
      "(0.0, <tenpy.networks.mpo.MPO object at 0x7fef1227a050>)\n"
     ]
    },
    {
     "name": "stderr",
     "output_type": "stream",
     "text": [
      "/home/jerry/anaconda3/lib/python3.7/site-packages/tenpy/networks/mps.py:2139: UserWarning: Tolerance 1.00e-10 not reached within 1 sites\n",
      "  terms_sum = mpo_.expectation_value(self, max_range=ct.max_range())\n"
     ]
    }
   ],
   "source": [
    "for h in h_list:\n",
    "    print(\"h = \", h)\n",
    "    have = psi.expectation_value_terms_sum(h)\n",
    "    print(have)"
   ]
  },
  {
   "cell_type": "code",
   "execution_count": 50,
   "metadata": {
    "scrolled": true
   },
   "outputs": [],
   "source": [
    "qcm = QCM(psi, h_list)"
   ]
  },
  {
   "cell_type": "code",
   "execution_count": 51,
   "metadata": {
    "scrolled": true
   },
   "outputs": [
    {
     "data": {
      "text/plain": [
       "array([[ 1.50840211e+00+0.00000000e+00j,  9.47245024e-03+1.11943828e-05j,\n",
       "         4.17009085e-01+0.00000000e+00j, -2.70536263e-02+1.10285200e-05j,\n",
       "        -1.67985320e-01+1.06788957e-05j, -1.67988002e-01+8.98920098e-06j,\n",
       "        -5.62740602e-02+1.05650779e-05j, -5.62753417e-02+8.91668606e-06j,\n",
       "        -3.78893286e-01-1.83878601e-01j,  3.45557556e-02+1.20210871e-02j,\n",
       "        -2.74818484e-02-1.83878437e-01j,  2.75476796e-05+1.20215230e-02j,\n",
       "        -3.78924310e-01+1.83859020e-01j,  3.45179103e-02-1.19837392e-02j,\n",
       "        -2.74807960e-02+1.83858946e-01j,  1.10393114e-06-1.19834105e-02j],\n",
       "       [ 9.47245024e-03-1.11943828e-05j,  1.50706112e+00+0.00000000e+00j,\n",
       "        -2.70535089e-02-1.13713850e-05j,  4.16059107e-01+0.00000000e+00j,\n",
       "        -7.57101029e-02-3.34768124e-08j, -1.67956933e-01-1.80854113e-06j,\n",
       "        -2.40632873e-02-2.98926693e-07j, -5.59937842e-02-2.13393832e-06j,\n",
       "         3.44493724e-02+1.21736182e-02j, -3.78935874e-01-1.83878407e-01j,\n",
       "        -4.49714862e-05+1.21739246e-02j, -2.75183246e-02-1.83877975e-01j,\n",
       "         3.44590433e-02-1.21226572e-02j, -3.78971666e-01+1.83879510e-01j,\n",
       "        -7.78409594e-05-1.21230893e-02j, -2.75423527e-02+1.83880076e-01j],\n",
       "       [ 4.17009085e-01+0.00000000e+00j, -2.70535089e-02+1.13713850e-05j,\n",
       "         5.45696199e-01+0.00000000e+00j,  1.82630643e-02+0.00000000e+00j,\n",
       "        -5.62739670e-02+1.06413154e-05j, -5.62753379e-02+8.93362176e-06j,\n",
       "        -5.58560230e-02+0.00000000e+00j, -5.58564402e-02+0.00000000e+00j,\n",
       "        -2.74822265e-02-1.83878541e-01j,  2.75400944e-05+1.20209493e-02j,\n",
       "        -1.75705120e-01+0.00000000e+00j,  1.72642712e-02+0.00000000e+00j,\n",
       "        -2.74807140e-02+1.83858871e-01j,  1.13815781e-06-1.19840838e-02j,\n",
       "        -1.75721884e-01+0.00000000e+00j,  1.72581710e-02+0.00000000e+00j],\n",
       "       [-2.70536263e-02-1.10285200e-05j,  4.16059107e-01+0.00000000e+00j,\n",
       "         1.82630643e-02+0.00000000e+00j,  5.45500398e-01+0.00000000e+00j,\n",
       "        -2.40640156e-02+1.29956177e-07j, -5.59934080e-02-1.54734073e-06j,\n",
       "        -2.58227158e-02+0.00000000e+00j, -5.59820347e-02+0.00000000e+00j,\n",
       "        -4.48058890e-05+1.21739805e-02j, -2.75182799e-02-1.83878064e-01j,\n",
       "         1.72463879e-02+0.00000000e+00j, -1.75708726e-01+0.00000000e+00j,\n",
       "        -7.78870381e-05-1.21228723e-02j, -2.75426023e-02+1.83879629e-01j,\n",
       "         1.72680784e-02+0.00000000e+00j, -1.75714567e-01+0.00000000e+00j],\n",
       "       [-1.67985320e-01-1.06788957e-05j, -7.57101029e-02+3.34768124e-08j,\n",
       "        -5.62739670e-02-1.06413154e-05j, -2.40640156e-02-1.29956177e-07j,\n",
       "         1.22519755e+00+0.00000000e+00j,  1.57967463e-01+0.00000000e+00j,\n",
       "         2.26138577e-01+8.38156140e-08j,  6.14471361e-02+0.00000000e+00j,\n",
       "        -1.54107019e-01+7.95357972e-02j, -7.65231997e-02+3.97455283e-02j,\n",
       "         1.19752156e-04+7.95356333e-02j,  1.61882508e-05+3.97454947e-02j,\n",
       "        -1.54118106e-01-7.95460865e-02j, -7.65302107e-02-3.97483706e-02j,\n",
       "         1.02031947e-04-7.95462355e-02j,  1.22554184e-05-3.97478379e-02j],\n",
       "       [-1.67988002e-01-8.98920098e-06j, -1.67956933e-01+1.80854113e-06j,\n",
       "        -5.62753379e-02-8.93362176e-06j, -5.59934080e-02+1.54734073e-06j,\n",
       "         1.57967463e-01+0.00000000e+00j,  1.22521353e+00+0.00000000e+00j,\n",
       "         6.14468455e-02+0.00000000e+00j,  2.26142615e-01+4.50818689e-08j,\n",
       "        -1.54104561e-01+7.95361251e-02j, -1.53591648e-01+7.94924274e-02j,\n",
       "         1.20440469e-04+7.95363039e-02j, -7.85667362e-06+7.94926882e-02j,\n",
       "        -1.54116482e-01-7.95478001e-02j, -1.53591365e-01-7.94985816e-02j,\n",
       "         1.02525148e-04-7.95479789e-02j, -1.24378221e-05-7.94982240e-02j],\n",
       "       [-5.62740602e-02-1.05650779e-05j, -2.40632873e-02+2.98926693e-07j,\n",
       "        -5.58560230e-02+0.00000000e+00j, -2.58227158e-02+0.00000000e+00j,\n",
       "         2.26138577e-01-8.38156140e-08j,  6.14468455e-02+0.00000000e+00j,\n",
       "         4.99529690e-01+0.00000000e+00j,  4.82607111e-02+0.00000000e+00j,\n",
       "         1.20165801e-04+7.95358345e-02j,  1.63290060e-05+3.97451855e-02j,\n",
       "        -7.71139935e-02+0.00000000e+00j, -3.82702500e-02+0.00000000e+00j,\n",
       "         1.02134385e-04-7.95459077e-02j,  1.20957575e-05-3.97479162e-02j,\n",
       "        -7.71101564e-02+0.00000000e+00j, -3.82713825e-02+0.00000000e+00j],\n",
       "       [-5.62753417e-02-8.91668606e-06j, -5.59937842e-02+2.13393832e-06j,\n",
       "        -5.58564402e-02+0.00000000e+00j, -5.59820347e-02+0.00000000e+00j,\n",
       "         6.14471361e-02+0.00000000e+00j,  2.26142615e-01-4.50818689e-08j,\n",
       "         4.82607111e-02+0.00000000e+00j,  4.99535233e-01+0.00000000e+00j,\n",
       "         1.21017780e-04+7.95364380e-02j, -7.99947884e-06+7.94925094e-02j,\n",
       "        -7.71130100e-02+0.00000000e+00j, -7.67915398e-02+0.00000000e+00j,\n",
       "         1.02284561e-04-7.95478821e-02j, -1.27394878e-05-7.94986859e-02j,\n",
       "        -7.71098807e-02+0.00000000e+00j, -7.67895728e-02+0.00000000e+00j],\n",
       "       [-3.78893286e-01+1.83878601e-01j,  3.44493724e-02-1.21736182e-02j,\n",
       "        -2.74822265e-02+1.83878541e-01j, -4.48058890e-05-1.21739805e-02j,\n",
       "        -1.54107019e-01-7.95357972e-02j, -1.54104561e-01-7.95361251e-02j,\n",
       "         1.20165801e-04-7.95358345e-02j,  1.21017780e-04-7.95364380e-02j,\n",
       "         1.21579599e+00+0.00000000e+00j,  7.71298334e-02-6.48448040e-05j,\n",
       "         1.44334152e-01+0.00000000e+00j,  8.37977789e-03-6.40377621e-05j,\n",
       "         2.27161236e-02-2.99228923e-05j,  7.19928648e-03-1.12905698e-04j,\n",
       "        -7.63279051e-02-3.00935553e-05j, -5.05887484e-03-1.12495887e-04j],\n",
       "       [ 3.45557556e-02-1.20210871e-02j, -3.78935874e-01+1.83878407e-01j,\n",
       "         2.75400944e-05-1.20209493e-02j, -2.75182799e-02+1.83878064e-01j,\n",
       "        -7.65231997e-02-3.97455283e-02j, -1.53591648e-01-7.94924274e-02j,\n",
       "         1.63290060e-05-3.97451855e-02j, -7.99947884e-06-7.94925094e-02j,\n",
       "         7.71298334e-02+6.48448040e-05j,  1.21596968e+00+0.00000000e+00j,\n",
       "         8.38005543e-03+6.41416700e-05j,  1.44684345e-01+0.00000000e+00j,\n",
       "         7.15736533e-03-7.50061372e-05j,  2.26896442e-02-4.66182064e-05j,\n",
       "        -5.09355357e-03-7.49741375e-05j, -7.60824308e-02-4.62052776e-05j],\n",
       "       [-2.74818484e-02+1.83878437e-01j, -4.49714862e-05-1.21739246e-02j,\n",
       "        -1.75705120e-01+0.00000000e+00j,  1.72463879e-02+0.00000000e+00j,\n",
       "         1.19752156e-04-7.95356333e-02j,  1.20440469e-04-7.95363039e-02j,\n",
       "        -7.71139935e-02+0.00000000e+00j, -7.71130100e-02+0.00000000e+00j,\n",
       "         1.44334152e-01+0.00000000e+00j,  8.38005543e-03-6.41416700e-05j,\n",
       "         5.35731256e-01+0.00000000e+00j,  3.43753919e-02+0.00000000e+00j,\n",
       "        -7.63278678e-02-2.95352547e-05j, -5.05884737e-03-1.12499787e-04j,\n",
       "         4.95221540e-02+0.00000000e+00j,  6.12965273e-03+0.00000000e+00j],\n",
       "       [ 2.75476796e-05-1.20215230e-02j, -2.75183246e-02+1.83877975e-01j,\n",
       "         1.72642712e-02+0.00000000e+00j, -1.75708726e-01+0.00000000e+00j,\n",
       "         1.61882508e-05-3.97454947e-02j, -7.85667362e-06-7.94926882e-02j,\n",
       "        -3.82702500e-02+0.00000000e+00j, -7.67915398e-02+0.00000000e+00j,\n",
       "         8.37977789e-03+6.40377621e-05j,  1.44684345e-01+0.00000000e+00j,\n",
       "         3.43753919e-02+0.00000000e+00j,  5.35642028e-01+0.00000000e+00j,\n",
       "        -5.09380596e-03-7.48075836e-05j, -7.60821179e-02-4.68539984e-05j,\n",
       "         6.12609182e-03+0.00000000e+00j,  4.93866168e-02+0.00000000e+00j],\n",
       "       [-3.78924310e-01-1.83859020e-01j,  3.44590433e-02+1.21226572e-02j,\n",
       "        -2.74807140e-02-1.83858871e-01j, -7.78870381e-05+1.21228723e-02j,\n",
       "        -1.54118106e-01+7.95460865e-02j, -1.54116482e-01+7.95478001e-02j,\n",
       "         1.02134385e-04+7.95459077e-02j,  1.02284561e-04+7.95478821e-02j,\n",
       "         2.27161236e-02+2.99228923e-05j,  7.15736533e-03+7.50061372e-05j,\n",
       "        -7.63278678e-02+2.95352547e-05j, -5.09380596e-03+7.48075836e-05j,\n",
       "         1.21592164e+00+0.00000000e+00j,  7.71458745e-02+2.40155132e-05j,\n",
       "         1.44427404e-01+0.00000000e+00j,  8.39737803e-03+2.42244332e-05j],\n",
       "       [ 3.45179103e-02+1.19837392e-02j, -3.78971666e-01-1.83879510e-01j,\n",
       "         1.13815781e-06+1.19840838e-02j, -2.75426023e-02-1.83879629e-01j,\n",
       "        -7.65302107e-02+3.97483706e-02j, -1.53591365e-01+7.94985816e-02j,\n",
       "         1.20957575e-05+3.97479162e-02j, -1.27394878e-05+7.94986859e-02j,\n",
       "         7.19928648e-03+1.12905698e-04j,  2.26896442e-02+4.66182064e-05j,\n",
       "        -5.05884737e-03+1.12499787e-04j, -7.60821179e-02+4.68539984e-05j,\n",
       "         7.71458745e-02-2.40155132e-05j,  1.21598792e+00+0.00000000e+00j,\n",
       "         8.39656498e-03-2.37205677e-05j,  1.44713745e-01+0.00000000e+00j],\n",
       "       [-2.74807960e-02-1.83858946e-01j, -7.78409594e-05+1.21230893e-02j,\n",
       "        -1.75721884e-01+0.00000000e+00j,  1.72680784e-02+0.00000000e+00j,\n",
       "         1.02031947e-04+7.95462355e-02j,  1.02525148e-04+7.95479789e-02j,\n",
       "        -7.71101564e-02+0.00000000e+00j, -7.71098807e-02+0.00000000e+00j,\n",
       "        -7.63279051e-02+3.00935553e-05j, -5.09355357e-03+7.49741375e-05j,\n",
       "         4.95221540e-02+0.00000000e+00j,  6.12609182e-03+0.00000000e+00j,\n",
       "         1.44427404e-01+0.00000000e+00j,  8.39656498e-03+2.37205677e-05j,\n",
       "         5.35747409e-01+0.00000000e+00j,  3.43748406e-02+0.00000000e+00j],\n",
       "       [ 1.10393114e-06+1.19834105e-02j, -2.75423527e-02-1.83880076e-01j,\n",
       "         1.72581710e-02+0.00000000e+00j, -1.75714567e-01+0.00000000e+00j,\n",
       "         1.22554184e-05+3.97478379e-02j, -1.24378221e-05+7.94982240e-02j,\n",
       "        -3.82713825e-02+0.00000000e+00j, -7.67895728e-02+0.00000000e+00j,\n",
       "        -5.05887484e-03+1.12495887e-04j, -7.60824308e-02+4.62052776e-05j,\n",
